# elements   H2D     Compression    D2H
1            0.021   3.935          0.016
2            0.013   3.841          0.015
4            0.030   4.175          0.019
8            0.015   4.436          0.015
16           0.036   4.616          0.021
32           0.029   5.053          0.018
64           0.019   4.032          0.017
128          0.028   4.008          0.017
256          0.028   4.172          0.016
512          0.022   4.256          0.016
1024         0.022   4.623          0.017
2048         0.021   4.446          0.017
4096         0.029   3.838          0.023
8192         0.657   4.193          0.147
16384        0.065   4.260          0.036
32768        0.041   3.860          0.041
65536        0.055   3.964          0.054
131072       0.073   3.921          0.093
262144       0.186   3.920          0.184
524288       0.328   4.836          0.321
1048576      0.529   3.943          0.639
2097152      0.923   3.416          1.101
4194304      2.770   5.564          2.202
8388608      3.785   5.167          4.813
16777216     11.036  13.477         8.602
33554432     22.894  26.745         21.678
67108864     85.303  51.800         50.065
134217728    229.252 102.861        176.018
268435456    436.586 208.201        409.971
536870912    568.020 414.508        284.655
1073741824   1519.275 828.853       592.410