0     90.779 63.347 48.696
100   87.410 53.969 47.689
200   85.147 46.923 47.801
300   85.062 44.160 46.994
400   83.703 41.627 46.503
500   80.071 39.226 46.263
600   77.862 38.198 45.218
700   73.847 37.232 43.534
800   72.581 36.657 42.375
900   71.774 33.912 41.999
1000  70.780 30.725 41.536
1100  69.500 28.500 41.100
1200  68.200 26.500 40.700
1300  66.900 25.000 40.300
1400  65.700 23.500 40.000
1500  64.500 22.000 39.700
1600  63.300 21.000 39.400
1700  62.200 20.000 39.100
1800  61.100 19.000 38.800
1900  60.000 18.200 38.500
2000  59.000 17.500 38.200