1   2.038622075	0.101759765	0.083174076	0.015737691	1  10.47598
2   2.264814725	0.106590829	0.336667854	0.024656413		2  16.93106
4   2.2899984	0.136472874	0.238825458	0.046002365	4  14.95546
8   3.878889625	0.243631	0.336667854		0.213119172		8  17.81291000
16 2.57571445	0.166078219	0.338917662	0.052690913	16 15.759990
32  4.0061828	0.224443968	0.23882545	0.099907505	32 14.76775000
64  5.544893425	0.3376867	0.338917662	0.138580255	64 15.23492300
128 3.1672945	0.349979605	0.23882545		0.138580255	128 14.66505000
	
	
