1   44.53351262	0.125906698	1.692198958	0.008939605 0.75839859	0.125906698 0.306226194	0.008939605
2   44.53351262	0.102178829	1.692198958	0.008649738 0.75839859	0.102178829 0.306226194	0.008649738
4   54.11000000	0.107025685	2.512939811	0.008438838 0.89222325	0.107025685 0.197771141	0.008438838
8   47.65763280	0.123954699	3.038392033	0.007561205 0.89222325	0.123954699 0.197771141	0.007561205
16  53.14324984	0.120000000	1.258262703	0.014544284 1.0327167	0.120000000 0.262762445	0.014544284
32  50.19577060	0.126367650	3.989998284	0.008767708 1.220904518	0.126367650 0.536773198	0.008767708
64  56.05769800	0.132625180	3.930583911	0.018048250 1.29082505	0.132625180 0.385850677	0.018048250
128 56.83918040	0.149917130	3.958981398	0.015839271 1.28452595	0.149917130 0.370609526	0.015839271


